Degree Freq
1      68  
2      66  
3      68  
4      65  
5      69  
6      71  
7      75  
8      75  
9      65  
10     60  
11     56  
12     57  
13     67  
14     68  
15     62  
16     55  
17     55  
18     48  
19     47  
20     39  
21     46  
22     40  
23     48  
24     45  
25     41  
26     38  
27     32  
28     31  
29     34  
30     34  
31     32  
32     25  
33     36  
34     36  
35     41  
36     36  
37     35  
38     27  
39     26  
40     26  
41     18  
42     23  
43     23  
44     19  
45     21  
46     15  
47     21  
48     28  
49     21  
50     19  
51     18  
52     14  
53     25  
54     19  
55     17  
56     19  
57     12  
58     8   
59     17  
60     13  
61     15  
62     22  
63     11  
64     19  
65     18  
66     12  
67     15  
68     13  
69     17  
70     15  
71     14  
72     9   
73     11  
74     9   
75     14  
76     10  
77     10  
78     17  
79     8   
80     3   
81     13  
82     12  
83     11  
84     9   
85     8   
86     4   
87     9   
88     8   
89     7   
90     8   
91     10  
92     11  
93     6   
94     9   
95     10  
96     7   
97     4   
98     10  
99     10  
100    4   
101    8   
102    6   
103    5   
104    7   
105    9   
106    9   
107    4   
108    9   
109    4   
110    1   
111    7   
112    8   
113    4   
114    9   
115    6   
116    9   
117    0   
118    4   
119    5   
120    6   
121    11  
122    11  
123    9   
124    5   
125    6   
126    4   
127    5   
128    4   
129    6   
130    6   
131    5   
132    1   
133    3   
134    7   
135    4   
136    5   
137    2   
138    5   
139    3   
140    7   
141    7   
142    0   
143    1   
144    3   
145    5   
146    6   
147    3   
148    1   
149    2   
150    5   
151    4   
152    2   
153    5   
154    4   
155    6   
156    1   
157    5   
158    2   
159    6   
160    4   
161    2   
162    1   
163    4   
164    5   
165    4   
166    2   
167    5   
168    4   
169    1   
170    3   
171    3   
172    6   
173    2   
174    2   
175    4   
176    4   
177    5   
178    3   
179    2   
180    2   
181    5   
182    3   
183    3   
184    4   
185    4   
186    4   
187    4   
188    3   
189    6   
190    4   
191    2   
192    3   
193    1   
194    4   
195    2   
196    3   
197    5   
198    2   
199    1   
200    5   
201    2   
202    2   
203    1   
204    4   
205    0   
206    3   
207    0   
208    1   
209    1   
210    1   
211    0   
212    0   
213    0   
214    0   
215    0   
216    1   
217    0   
218    0   
219    1   
220    1   
221    1   
222    1   
223    1   
224    0   
225    1   
226    0   
227    0   
228    0   
229    0   
230    0   
231    0   
232    0   
233    2   
234    1   
235    0   
236    0   
237    0   
238    0   
239    0   
240    0   
241    0   
242    0   
243    0   
244    1   
245    0   
246    0   
247    0   
248    0   
249    0   
250    0   
251    0   
252    0   
253    1   
254    0   
255    0   
256    0   
257    0   
258    0   
259    0   
260    0   
261    0   
262    0   
263    0   
264    0   
265    0   
266    0   
267    0   
268    0   
269    0   
270    0   
271    0   
272    0   
273    0   
274    0   
275    0   
276    0   
277    0   
278    0   
279    0   
280    0   
281    0   
282    0   
283    0   
284    0   
285    0   
286    0   
287    0   
288    0   
289    0   
290    1   
291    0   
292    0   
293    1   
